"ifwg" <- structure(list(IDENTIFIER = structure(c(20L, 29L, 33L, 43L, 46L, 
53L, 72L, 85L, 96L, 123L, 127L, 146L, 151L, 218L, 253L, 269L, 
270L, 285L, 337L, 384L, 385L, 421L, 454L, 457L, 459L, 460L, 481L, 
520L, 575L, 613L, 624L, 628L, 644L, 648L, 678L, 746L, 760L, 764L, 
780L, 784L, 803L, 808L, 818L, 876L, 42L, 90L, 95L, 214L, 226L, 
259L, 364L, 396L, 538L, 567L, 577L, 811L, 822L, 73L, 118L, 220L, 
262L, 310L, 319L, 377L, 387L, 393L, 445L, 486L, 488L, 591L, 645L, 
729L, 841L, 875L, 246L, 249L, 298L, 324L, 417L, 430L, 611L, 654L, 
662L, 683L, 724L, 736L, 750L, 767L, 836L, 9L, 17L, 50L, 71L, 
89L, 97L, 107L, 109L, 130L, 145L, 153L, 169L, 175L, 185L, 190L, 
204L, 207L, 257L, 287L, 314L, 372L, 376L, 404L, 432L, 467L, 479L, 
501L, 513L, 519L, 543L, 568L, 576L, 592L, 594L, 598L, 607L, 616L, 
629L, 633L, 672L, 682L, 686L, 699L, 703L, 704L, 718L, 735L, 738L, 
741L, 744L, 747L, 748L, 751L, 757L, 765L, 766L, 774L, 775L, 778L, 
779L, 781L, 798L, 831L, 838L, 848L, 854L, 860L, 869L, 874L, 30L, 
37L, 49L, 60L, 141L, 156L, 179L, 219L, 238L, 258L, 335L, 439L, 
461L, 483L, 484L, 511L, 584L, 690L, 712L, 786L, 807L, 656L, 81L, 
82L, 251L, 349L, 370L, 402L, 419L, 564L, 213L, 326L, 420L, 3L, 
7L, 51L, 104L, 155L, 188L, 197L, 206L, 244L, 284L, 299L, 302L, 
307L, 318L, 334L, 347L, 405L, 444L, 474L, 515L, 524L, 545L, 556L, 
583L, 617L, 623L, 647L, 653L, 655L, 664L, 673L, 676L, 727L, 755L, 
787L, 791L, 820L, 821L, 826L, 863L, 14L, 25L, 26L, 40L, 63L, 
193L, 235L, 292L, 313L, 362L, 523L, 649L, 717L, 740L, 793L, 859L, 
861L, 383L, 438L, 458L, 485L, 553L, 605L, 36L, 41L, 121L, 162L, 
212L, 240L, 248L, 276L, 431L, 505L, 525L, 549L, 627L, 790L, 802L, 
115L, 138L, 415L, 449L, 487L, 507L, 560L, 593L, 640L, 665L, 734L, 
782L, 840L, 57L, 171L, 183L, 217L, 236L, 509L, 526L, 528L, 559L, 
585L, 619L, 663L, 695L, 709L, 788L, 845L, 847L, 110L, 278L, 283L, 
316L, 329L, 356L, 399L, 426L, 462L, 547L, 743L, 862L, 8L, 157L, 
173L, 176L, 215L, 268L, 305L, 323L, 339L, 380L, 401L, 414L, 441L, 
504L, 542L, 606L, 634L, 680L, 725L, 773L, 824L, 870L, 135L, 200L, 
293L, 451L, 475L, 495L, 496L, 643L, 749L, 21L, 55L, 59L, 126L, 
132L, 242L, 275L, 472L, 477L, 563L, 582L, 596L, 641L, 763L, 839L, 
15L, 54L, 76L, 83L, 116L, 134L, 186L, 280L, 296L, 407L, 506L, 
572L, 588L, 620L, 622L, 631L, 685L, 697L, 809L, 136L, 371L, 632L, 
745L, 66L, 93L, 144L, 315L, 345L, 400L, 440L, 442L, 562L, 696L, 
19L, 45L, 52L, 56L, 75L, 84L, 100L, 124L, 172L, 221L, 245L, 304L, 
341L, 355L, 397L, 425L, 456L, 463L, 517L, 552L, 635L, 636L, 637L, 
671L, 688L, 837L, 877L, 74L, 80L, 120L, 230L, 289L, 344L, 373L, 
428L, 546L, 580L, 670L, 726L, 731L, 794L, 797L, 148L, 158L, 181L, 
234L, 434L, 448L, 452L, 510L, 521L, 550L, 677L, 754L, 758L, 795L, 
796L, 801L, 849L, 858L, 340L, 351L, 363L, 366L, 378L, 443L, 518L, 
531L, 681L, 835L, 94L, 98L, 125L, 139L, 196L, 231L, 333L, 350L, 
359L, 382L, 403L, 447L, 502L, 508L, 561L, 579L, 609L, 28L, 69L, 
131L, 168L, 256L, 273L, 281L, 288L, 357L, 379L, 394L, 418L, 422L, 
429L, 470L, 529L, 574L, 707L, 732L, 99L, 228L, 286L, 330L, 369L, 
435L, 453L, 569L, 595L, 27L, 78L, 87L, 149L, 303L, 354L, 395L, 
424L, 469L, 491L, 522L, 600L, 601L, 612L, 783L, 828L, 866L, 22L, 
111L, 178L, 210L, 374L, 473L, 544L, 1L, 18L, 152L, 282L, 317L, 
548L, 777L, 814L, 833L, 853L, 12L, 143L, 174L, 184L, 233L, 301L, 
346L, 360L, 503L, 723L, 728L, 737L, 810L, 812L, 237L, 261L, 266L, 
465L, 494L, 639L, 719L, 827L, 857L, 871L, 34L, 58L, 92L, 129L, 
229L, 241L, 263L, 267L, 306L, 308L, 320L, 331L, 389L, 406L, 411L, 
436L, 450L, 478L, 537L, 581L, 586L, 597L, 646L, 652L, 679L, 716L, 
722L, 772L, 806L, 32L, 47L, 101L, 103L, 142L, 165L, 170L, 211L, 
223L, 291L, 365L, 409L, 423L, 482L, 497L, 499L, 533L, 540L, 566L, 
626L, 658L, 813L, 823L, 865L, 879L, 880L, 133L, 194L, 290L, 321L, 
348L, 361L, 367L, 466L, 555L, 557L, 608L, 674L, 694L, 730L, 804L, 
834L, 61L, 102L, 114L, 232L, 277L, 375L, 391L, 489L, 530L, 536L, 
565L, 615L, 650L, 651L, 702L, 706L, 708L, 771L, 785L, 805L, 832L, 
844L, 657L, 10L, 24L, 48L, 70L, 86L, 202L, 247L, 252L, 274L, 
295L, 336L, 433L, 455L, 493L, 527L, 570L, 660L, 668L, 675L, 689L, 
705L, 753L, 815L, 769L, 817L, 693L, 851L, 873L, 44L, 140L, 154L, 
161L, 187L, 198L, 300L, 343L, 353L, 358L, 603L, 852L, 2L, 5L, 
6L, 13L, 65L, 199L, 205L, 309L, 386L, 413L, 416L, 516L, 541L, 
661L, 667L, 700L, 113L, 159L, 164L, 195L, 532L, 554L, 618L, 829L, 
843L, 4L, 11L, 16L, 23L, 35L, 39L, 64L, 67L, 77L, 91L, 112L, 
119L, 122L, 150L, 166L, 180L, 189L, 191L, 201L, 208L, 224L, 227L, 
239L, 243L, 250L, 265L, 311L, 312L, 325L, 332L, 338L, 342L, 368L, 
388L, 392L, 412L, 427L, 446L, 468L, 471L, 476L, 500L, 514L, 534L, 
590L, 599L, 666L, 687L, 701L, 714L, 739L, 759L, 768L, 789L, 792L, 
819L, 830L, 842L, 850L, 855L, 79L, 147L, 177L, 480L, 558L, 604L, 
691L, 770L, 856L, 31L, 160L, 209L, 410L, 512L, 602L, 621L, 659L, 
711L, 721L, 868L, 799L, 800L, 128L, 216L, 571L, 587L, 864L, 38L, 
88L, 108L, 167L, 222L, 254L, 264L, 272L, 294L, 327L, 390L, 589L, 
610L, 614L, 642L, 684L, 692L, 720L, 752L, 756L, 761L, 776L, 816L, 
846L, 867L, 878L, 62L, 68L, 255L, 271L, 297L, 352L, 408L, 437L, 
492L, 498L, 535L, 551L, 578L, 625L, 630L, 698L, 710L, 742L, 105L, 
106L, 163L, 192L, 260L, 381L, 398L, 539L, 573L, 669L, 117L, 137L, 
182L, 203L, 225L, 279L, 322L, 328L, 464L, 490L, 638L, 713L, 715L, 
733L, 762L, 825L, 872L),